Reversing Surface Name=ROOF
side=    1 abs coord vertex=  100.0000000000000    0.0000000000000    3.8000000000000
side=    2 abs coord vertex=  100.0000000000000  140.0000000000000    3.8000000000000
side=    3 abs coord vertex=    0.0000000000000  140.0000000000000    3.8000000000000
side=    4 abs coord vertex=    0.0000000000000    0.0000000000000    3.8000000000000
